Sample	Antisense	Sense	Undetermined
Kiley_A_DZM0422_Aerobic_A	53.49	2.35	44.16
Kiley_A_DZM0422_Aerobic_B	53.949999999999996	2.2399999999999998	43.82
Kiley_A_DZM0422_Aerobic_C	54.010000000000005	2.21	43.769999999999996
Kiley_A_DZM0422_Anaerobic_A	55.45	2.09	42.449999999999996
Kiley_A_DZM0422_Anaerobic_B	55.22	2.3	42.480000000000004
Kiley_A_DZM0422_Anaerobic_C	54.2	2.44	43.37
Kiley_A_WT_Aerobic_A	52.559999999999995	2.55	44.89
Kiley_A_WT_Aerobic_B	52.49	2.29	45.22
Kiley_A_WT_Aerobic_C	53.910000000000004	2.02	44.07
Kiley_A_WT_Anaerobic_A	53.849999999999994	2.2399999999999998	43.91
Kiley_A_WT_Anaerobic_B	53.14	1.97	44.9
Kiley_A_WT_Anaerobic_C	55.67999999999999	2.29	42.03
Kiley_B_Dfur_-O2_A	74.83	1.03	24.14
Kiley_B_Dfur_-O2_B	19.900000000000002	72.07000000000001	8.03
Kiley_B_Dfur_-O2_C	45.22	9.11	45.67
Kiley_B_DrsuR_-O2_A	37.54	3.82	58.64
Kiley_B_DrsuR_-O2_B	73.55000000000001	0.7799999999999999	25.679999999999996
Kiley_B_DrsuR_-O2_C	49.38	28.449999999999996	22.17
Kiley_B_WT_+O2_Ctrl_A	51.73	13.79	34.48
Kiley_B_WT_+O2_Ctrl_B	45.29	0.16	54.55
Kiley_B_WT_+O2_Ctrl_C	27.400000000000002	66.5	6.11
Kiley_B_WT_+O2_Paraquat_A	50.05	10.9	39.050000000000004
Kiley_B_WT_+O2_Paraquat_B	53.65	7.6899999999999995	38.66
Kiley_B_WT_+O2_Paraquat_C	64.8	1.9300000000000002	33.269999999999996
Kiley_B_WT_-O2_Ctrl_A	84.77	0.8	14.430000000000001
Kiley_B_WT_-O2_Ctrl_B	51.949999999999996	4.859999999999999	43.19
Kiley_B_WT_-O2_Ctrl_C	81.39999999999999	0.02	18.58
Kiley_B_WT_-O2_NoFe_A	35.94	36.52	27.54
Kiley_B_WT_-O2_NoFe_B	62.660000000000004	22.38	14.96
Kiley_B_WT_-O2_NoFe_C	58.43000000000001	6.950000000000001	34.63
Kiley_B_WT_-O2_NoFe_DIP_A	28.99	32.98	38.03
Kiley_B_WT_-O2_NoFe_DIP_B	54.92	2.0500000000000003	43.03
Kiley_B_WT_-O2_NoFe_DIP_C	58.91	1.6400000000000001	39.45
Kiley_B_WT_-O2_Peroxide_A	67.11	1.6199999999999999	31.259999999999998
Kiley_B_WT_-O2_Peroxide_C	51.949999999999996	5.01	43.04
SRX10341586	55.43	2.86	41.71
SRX10341587	51.01	4.9	44.09
SRX10341588	54.449999999999996	3.4099999999999997	42.14
SRX10341589	44.39	5.53	50.09
SRX10341590	52.52	2.4	45.08
SRX10341591	53.410000000000004	2.71	43.88
SRX10341592	55.69	2.97	41.339999999999996
SRX10341593	54.63	3.19	42.17
SRX10341594	54.72	2.96	42.32
SRX10341595	55.48	3.42	41.099999999999994
SRX10341596	54.25	3.5700000000000003	42.18
SRX10341597	54.65	3.16	42.199999999999996
SRX11348531	55.17999999999999	4.89	39.93
SRX11348532	54.50000000000001	4.73	40.760000000000005
SRX1432806	25.669999999999998	3.3000000000000003	71.03
SRX14563846	58.39	1.47	40.14
SRX14563847	57.13	1.38	41.49
SRX14563848	55.04	1.6199999999999999	43.35
SRX14563849	58.199999999999996	1.29	40.5
SRX14570260	57.4	4.32	38.279999999999994
SRX14570261	57.46	4.35	38.190000000000005
SRX14570262	57.34	4.2299999999999995	38.440000000000005
SRX14570263	57.76	5.390000000000001	36.85
SRX14570264	57.440000000000005	4.9799999999999995	37.580000000000005
SRX14570265	54.800000000000004	4.18	41.010000000000005
SRX14570266	54.120000000000005	4.3999999999999995	41.48
SRX14570267	58.919999999999995	3.7900000000000005	37.29
SRX14570268	59.39	4.2299999999999995	36.38
SRX14570269	56.02	4.6	39.379999999999995
SRX14570270	56.86	4.36	38.78
SRX14570271	55.42	5.050000000000001	39.53
SRX14570272	57.19	5.25	37.56
SRX14570273	57.830000000000005	5.1	37.07
SRX14570274	57.38999999999999	4.92	37.69
SRX14570275	57.05	5.1	37.85
SRX14570276	58.53	4.73	36.75
SRX14570277	58.699999999999996	5.06	36.230000000000004
SRX14953908	52.900000000000006	1.44	45.660000000000004
SRX14953909	58.57	1.81	39.61
SRX14953910	56.14	1.49	42.370000000000005
SRX14953911	58.34	1.46	40.2
SRX14953912	50.83	1.67	47.5
SRX14953913	48.64	3.6900000000000004	47.67
SRX14953914	42.89	3.5900000000000003	53.52
SRX14953915	44.97	3.2	51.82
SRX14953916	46.79	3.36	49.85
SRX14953917	56.42	1.8399999999999999	41.74
SRX14953918	59.699999999999996	1.6099999999999999	38.690000000000005
SRX14953919	53.99	1.49	44.519999999999996
SRX14953920	45.76	2.71	51.53
SRX14953921	51.519999999999996	2.5700000000000003	45.910000000000004
SRX14953922	42.93	3.56	53.52
SRX14953923	52.42	3.51	44.07
SRX14953924	57.489999999999995	2.39	40.12
SRX14953925	50.129999999999995	2.96	46.910000000000004
SRX14953926	54.08	3.81	42.11
SRX14953927	48.5	2.87	48.63
SRX14953928	42.5	5.93	51.57000000000001
SRX14953929	38.35	4.96	56.69
SRX14953930	48.14	7.26	44.6
SRX14953931	41.65	6.11	52.239999999999995
SRX14953932	39.46	5.4	55.14
SRX18804540	56.28999999999999	2.63	41.08
SRX18804541	56.38999999999999	2.39	41.21
SRX18804542	58.08	1.91	40.02
SRX18804543	52.019999999999996	4.77	43.21
SRX18804544	50.81	5.08	44.1
SRX18804545	50.8	5.86	43.34
SRX18804546	51.559999999999995	5.970000000000001	42.47
SRX18804547	55.36	2.09	42.55
SRX18804548	53.64	2.3	44.06
SRX18804549	60.99	1.8499999999999999	37.16
SRX18804550	54.26	6.0	39.73
SRX18804551	56.879999999999995	2.64	40.48
SRX18804552	52.68000000000001	6.59	40.73
SRX18804553	54.64	4.41	40.94
SRX18804554	59.29	4.62	36.09
SRX19817112	60.370000000000005	1.41	38.23
SRX19817113	59.24	1.31	39.44
SRX19817114	59.089999999999996	1.5	39.410000000000004
SRX19817115	61.01	1.23	37.76
SRX19817116	60.57	1.32	38.11
SRX19817117	60.47	1.32	38.21
SRX2036088	1.01	7.779999999999999	91.21000000000001
SRX2036089	1.22	7.13	91.64999999999999
SRX2036090	0.8200000000000001	6.58	92.60000000000001
SRX2036091	0.8699999999999999	6.959999999999999	92.17
SRX2036300	45.87	8.77	45.36
SRX2036303	45.29	9.02	45.7
SRX2036305	46.61	7.93	45.46
SRX2036307	48.620000000000005	8.959999999999999	42.41
SRX2037533	52.5	7.55	39.95
SRX2037535	53.190000000000005	6.909999999999999	39.910000000000004
SRX2037536	51.57000000000001	4.95	43.480000000000004
SRX2037537	50.41	4.99	44.6
SRX2037538	48.66	7.89	43.45
SRX2037540	47.72	8.42	43.87
SRX2037541	46.43	6.78	46.79
SRX2037542	46.68	6.569999999999999	46.75
SRX2037691	40.14	5.64	54.230000000000004
SRX2037693	31.929999999999996	4.760000000000001	63.3
SRX2037695	36.77	5.81	57.42
SRX2037697	37.330000000000005	6.13	56.54
SRX2037699	41.77	6.58	51.65
SRX2037713	39.94	7.12	52.94
SRX2037715	39.95	5.86	54.190000000000005
SRX2037717	33.79	5.35	60.86
SRX2116174	28.64	4.22	67.14
SRX2116175	26.66	4.15	69.19
SRX2116176	35.57	2.39	62.029999999999994
SRX21659709	45.45	1.54	53.010000000000005
SRX21659710	50.2	1.38	48.42
SRX21659711	47.12	1.6	51.28
SRX22720559	58.36	1.68	39.96
SRX22720560	57.3	1.82	40.88
SRX22720561	56.57	1.2	42.22
SRX22720562	55.66	1.63	42.71
SRX22720563	57.15	1.6400000000000001	41.199999999999996
SRX22720564	58.209999999999994	1.6500000000000001	40.14
SRX22720565	55.900000000000006	1.52	42.58
SRX22720566	55.879999999999995	1.53	42.59
SRX22720567	57.66	1.17	41.17
SRX22720568	57.08	1.24	41.68
SRX22720569	57.86	1.53	40.61
SRX22720570	58.08	1.4000000000000001	40.510000000000005
SRX22720571	56.82000000000001	1.77	41.410000000000004
SRX22720572	54.04	1.59	44.37
SRX22720574	55.769999999999996	2.0	42.230000000000004
SRX22720575	55.989999999999995	2.04	41.97
SRX22720576	57.769999999999996	1.63	40.6
SRX22720577	58.269999999999996	1.71	40.02
SRX22720578	58.42	1.7000000000000002	39.879999999999995
SRX22720579	57.730000000000004	1.79	40.48
SRX3316529	52.190000000000005	4.89	42.92
SRX3316530	60.89	1.7000000000000002	37.4
SRX3316531	58.9	2.21	38.89
SRX3316532	61.6	1.8800000000000001	36.52
SRX3316533	51.970000000000006	2.0	46.03
SRX3316534	54.620000000000005	1.91	43.47
SRX3316535	58.26	1.8599999999999999	39.87
SRX3316536	44.68	7.000000000000001	48.32
SRX3316537	54.16	4.19	41.65
SRX3316538	59.06	1.77	39.160000000000004
SRX3316539	59.36	1.59	39.050000000000004
SRX3316540	60.95	1.96	37.09
SRX3316541	56.71000000000001	2.68	40.6
SRX3316542	57.93000000000001	2.15	39.92
SRX3316543	61.67	1.94	36.39
SRX3316544	58.63	1.95	39.42
SRX3316545	59.019999999999996	1.94	39.04
SRX3316546	60.5	1.97	37.54
SRX3316547	58.489999999999995	1.77	39.739999999999995
SRX3316548	57.769999999999996	1.49	40.739999999999995
SRX3316549	59.07	1.5599999999999998	39.379999999999995
SRX3316550	59.230000000000004	1.44	39.33
SRX3316551	49.45	2.17	48.370000000000005
SRX3316552	55.720000000000006	2.03	42.25
SRX3316553	58.220000000000006	1.81	39.97
SRX3316554	54.86	2.4699999999999998	42.67
SRX3316555	54.779999999999994	2.4	42.82
SRX3316556	55.64	2.73	41.63
SRX3316557	59.47	1.9300000000000002	38.6
SRX3316558	58.69	1.5	39.800000000000004
SRX3316559	58.69	2.18	39.14
SRX3316560	55.489999999999995	1.96	42.55
SRX3316561	55.779999999999994	2.53	41.699999999999996
SRX3316625	59.43000000000001	1.6	38.97
SRX3316626	60.529999999999994	1.92	37.56
SRX3316627	58.35	2.0500000000000003	39.6
SRX3316628	59.36	2.15	38.49
SRX3316629	60.45	1.9	37.65
SRX3316630	60.24	2.06	37.7
SRX3316631	60.099999999999994	1.8499999999999999	38.05
SRX3316632	60.69	1.6500000000000001	37.669999999999995
SRX3316633	60.519999999999996	1.8599999999999999	37.63
SRX3316634	58.06	2.26	39.68
SRX3316735	54.290000000000006	1.5699999999999998	44.14
SRX3316736	57.76	1.69	40.550000000000004
SRX3316737	57.3	1.95	40.75
SRX3316738	56.37	2.12	41.510000000000005
SRX3316739	56.75	1.6199999999999999	41.63
SRX3316740	51.61	1.26	47.13
SRX3316741	52.0	1.8399999999999999	46.160000000000004
SRX3316742	57.18	1.73	41.089999999999996
SRX3316743	57.02	1.8800000000000001	41.099999999999994
SRX3316744	50.22	1.38	48.4
SRX3316745	48.93	1.23	49.830000000000005
SRX3316746	50.339999999999996	1.16	48.49
SRX3316747	55.92	1.54	42.55
SRX3316748	56.49999999999999	1.91	41.58
SRX3316749	54.769999999999996	1.4200000000000002	43.81
SRX3316750	56.74	1.72	41.53
SRX3316751	58.35	2.08	39.57
SRX3316752	58.589999999999996	1.95	39.46
SRX3316753	58.919999999999995	1.91	39.17
SRX3316754	58.28	1.91	39.81
SRX3316755	58.599999999999994	1.87	39.53
SRX3316756	58.24	2.04	39.72
SRX3316757	58.5	1.97	39.53
SRX3316758	57.879999999999995	1.91	40.21
SRX3411505	2.68	2.19	95.13000000000001
SRX3411506	4.569999999999999	3.74	91.7
SRX3411507	3.62	2.8000000000000003	93.58999999999999
SRX3411508	2.55	2.03	95.42
SRX3411509	2.59	2.23	95.17999999999999
SRX3411510	4.17	2.67	93.16
SRX3411511	2.5700000000000003	2.22	95.19999999999999
SRX3411512	2.6100000000000003	1.8599999999999999	95.52000000000001
SRX3411513	3.8	2.9000000000000004	93.30000000000001
SRX3411514	26.740000000000002	23.97	49.29
SRX3411515	22.28	21.38	56.34
SRX3411516	37.12	29.049999999999997	33.83
SRX3411517	17.14	13.389999999999999	69.47
SRX3411518	28.67	25.47	45.85
SRX3411519	23.78	22.2	54.02
SRX3411520	12.76	8.21	79.03
SRX3411521	25.88	25.41	48.71
SRX3411522	20.52	19.2	60.29
SRX3411523	17.76	19.220000000000002	63.019999999999996
SRX3411524	4.12	3.85	92.03
SRX3411525	14.19	13.889999999999999	71.92
SRX3541437	52.89	1.44	45.67
SRX3541438	58.58	1.81	39.61
SRX3541439	56.13	1.49	42.38
SRX3541440	58.35	1.46	40.19
SRX3541441	50.82	1.66	47.52
SRX3541442	48.64	3.6900000000000004	47.67
SRX3541443	42.88	3.58	53.53
SRX3541444	44.97	3.2	51.83
SRX3541445	46.77	3.36	49.87
SRX3541446	52.42	3.5000000000000004	44.080000000000005
SRX3541447	50.13999999999999	2.94	46.92
SRX3541448	54.059999999999995	3.8	42.14
SRX3541449	42.52	5.94	51.55
SRX3541450	38.34	4.97	56.69
SRX3541451	48.13	7.26	44.61
SRX3541452	41.65	6.11	52.239999999999995
SRX3541453	39.46	5.390000000000001	55.15
SRX5252024	42.02	14.899999999999999	43.09
SRX5252025	39.77	17.82	42.41
SRX5252026	36.480000000000004	21.08	42.44
SRX5252027	42.57	13.96	43.46
SRX5252028	44.21	13.96	41.83
SRX5252029	40.1	17.0	42.9
SRX5252030	37.99	18.970000000000002	43.04
SRX5252031	48.86	8.55	42.59
SRX5252032	42.52	14.85	42.620000000000005
SRX5252033	43.22	12.659999999999998	44.12
SRX5252034	42.89	13.74	43.37
SRX5252035	45.72	8.709999999999999	45.57
SRX5252036	37.24	20.25	42.51
SRX5252037	39.190000000000005	17.94	42.870000000000005
SRX5252038	43.62	13.84	42.54
SRX5252039	36.07	21.09	42.84
SRX5252040	45.75	10.39	43.86
SRX5252041	36.7	20.810000000000002	42.49
SRX5252042	39.019999999999996	18.44	42.54
SRX5252043	39.53	17.61	42.86
SRX5252044	37.63	19.59	42.78
SRX5252045	39.77	17.87	42.36
SRX5252046	36.75	21.08	42.17
SRX5252047	39.2	17.740000000000002	43.059999999999995
SRX5252048	37.26	20.349999999999998	42.39
SRX5252049	37.169999999999995	20.21	42.620000000000005
SRX5252050	36.309999999999995	21.47	42.22
SRX5252051	37.53	20.0	42.47
SRX5252052	39.04	19.43	41.52
SRX5252053	43.68	14.2	42.120000000000005
SRX5252054	41.349999999999994	15.98	42.67
SRX5252055	43.15	15.310000000000002	41.54
SRX5252056	44.32	12.07	43.61
SRX5252057	43.74	13.59	42.67
SRX5252058	50.07	7.86	42.07
SRX5252059	50.43	4.8500000000000005	44.73
SRX5252060	37.68	20.200000000000003	42.11
SRX5252061	44.529999999999994	13.29	42.18
SRX5329169	44.98	3.2	51.82
SRX5329170	58.34	1.46	40.2
SRX5329171	56.42	1.8399999999999999	41.74
SRX5329172	48.64	3.6900000000000004	47.67
SRX5329173	50.12	2.96	46.910000000000004
SRX5329174	59.699999999999996	1.6099999999999999	38.690000000000005
SRX5329175	56.13	1.49	42.38
SRX5329176	45.76	2.71	51.53
SRX5329177	58.57	1.81	39.62
SRX5329178	42.89	3.5900000000000003	53.52
SRX5329179	50.83	1.67	47.5
SRX5329180	52.42	3.51	44.07
SRX5329181	48.14	7.26	44.6
SRX5329182	57.489999999999995	2.39	40.11
SRX5329183	48.22	6.4399999999999995	45.34
SRX5329184	52.900000000000006	1.44	45.660000000000004
SRX5329185	41.65	6.11	52.239999999999995
SRX5329186	39.46	5.4	55.14
SRX5329187	54.06999999999999	3.81	42.120000000000005
SRX5329188	46.79	3.36	49.85
SRX5329189	38.36	4.96	56.69
SRX5329190	42.5	5.93	51.57000000000001
SRX5329191	42.93	3.56	53.52
SRX5329192	48.5	2.87	48.63
SRX5329193	51.519999999999996	2.5700000000000003	45.910000000000004
SRX5329194	53.99	1.49	44.529999999999994
SRX6700162	57.91	1.5599999999999998	40.53
SRX6700163	63.690000000000005	1.46	34.86
SRX6700164	57.69	1.63	40.68
SRX6700165	60.699999999999996	2.12	37.169999999999995
SRX6700166	55.66	2.55	41.79
SRX6700168	54.96	2.62	42.41
SRX6700169	52.94	2.69	44.37
SRX6700170	53.2	2.8000000000000003	44.0
SRX6700171	50.0	5.87	44.13
SRX6700172	50.51	6.25	43.25
SRX6700173	48.32	6.8500000000000005	44.83
SRX6700174	60.540000000000006	1.43	38.03
SRX6700175	58.91	1.76	39.32
SRX6700176	58.98	1.77	39.25
SRX6700177	57.42	1.92	40.660000000000004
SRX6700178	57.089999999999996	1.8499999999999999	41.07
SRX6700179	52.629999999999995	1.6	45.769999999999996
SRX6700180	45.39	2.01	52.6
SRX6700181	53.239999999999995	2.3	44.45
SRX6700182	47.53	1.91	50.56
SRX6700183	46.660000000000004	5.19	48.15
SRX6700184	47.12	5.8999999999999995	46.98
SRX6700185	46.989999999999995	4.9399999999999995	48.07
SRX6922015	57.699999999999996	2.07	40.23
SRX6922016	57.879999999999995	1.6099999999999999	40.52
SRX6922017	56.720000000000006	2.01	41.27
SRX6922018	56.2	2.11	41.69
SRX6922019	59.72	3.34	36.94
SRX6922020	57.830000000000005	3.73	38.45
SRX6922021	57.89	3.6799999999999997	38.43
SRX6922023	58.08	1.67	40.25
SRX6922024	57.730000000000004	2.01	40.26
SRX6922025	57.14	2.1399999999999997	40.72
SRX6922026	57.31	2.08	40.61
SRX6922027	57.56	2.1399999999999997	40.300000000000004
SRX6922028	57.489999999999995	2.09	40.410000000000004
SRX6922029	56.75	2.03	41.22
SRX7101023	57.06	1.69	41.24
SRX7101024	58.47	1.82	39.71
SRX7101025	58.330000000000005	1.78	39.89
SRX7101026	55.57	0.67	43.76
SRX7101027	54.42	0.74	44.84
SRX7101028	54.300000000000004	0.7000000000000001	45.0
SRX7101029	57.69	1.8900000000000001	40.42
SRX7101030	57.809999999999995	1.51	40.68
SRX7101031	57.32000000000001	1.7500000000000002	40.94
SRX7101032	49.86	2.31	47.83
SRX7101033	53.300000000000004	1.7500000000000002	44.95
SRX7101034	52.019999999999996	1.7000000000000002	46.28
SRX7101035	44.01	9.030000000000001	46.96
SRX7101036	58.75	1.91	39.34
SRX7101037	60.870000000000005	1.5	37.63
SRX7101038	60.019999999999996	1.69	38.3
SRX7101039	60.260000000000005	2.07	37.669999999999995
SRX7101040	61.27	1.91	36.809999999999995
SRX7101041	59.419999999999995	1.72	38.86
SRX7551986	57.74	1.78	40.47
SRX7551987	58.86	1.6500000000000001	39.489999999999995
SRX7551988	57.58	2.1399999999999997	40.27
SRX7551989	57.230000000000004	2.1999999999999997	40.58
SRX7551990	56.00000000000001	2.0500000000000003	41.94
SRX7551991	57.489999999999995	2.04	40.47
SRX8694706	54.83	1.9800000000000002	43.18
SRX8694707	55.66	1.76	42.58
SRX8694708	55.620000000000005	2.04	42.34
SRX8694709	55.230000000000004	1.97	42.809999999999995
SRX8694710	58.699999999999996	1.24	40.06
SRX8694711	57.589999999999996	1.23	41.17
SRX8694712	56.57	1.0699999999999998	42.35
SRX8694713	57.67	0.9900000000000001	41.339999999999996
SRX8694714	56.66	1.17	42.17
SRX8694715	56.31	1.6	42.089999999999996
SRX8694716	56.86	1.35	41.78
SRX8694717	57.4	1.51	41.099999999999994
SRX8694718	55.86	1.09	43.05
SRX8694719	55.33	1.28	43.38
SRX8694720	58.60999999999999	1.0	40.38
SRX8694721	58.47	1.4200000000000002	40.11
SRX8694722	58.42	1.16	40.42
SRX8694723	55.620000000000005	0.9199999999999999	43.46
SRX8694724	55.800000000000004	1.1400000000000001	43.059999999999995
SRX8694725	55.169999999999995	1.03	43.8
SRX8694726	54.010000000000005	0.79	45.2
SRX8694727	54.05	0.88	45.07
SRX8694728	54.11	0.86	45.03
SRX8694729	53.99	0.95	45.07
