Sample	pe_sense	se_antisense	pe_antisense	failed	se_sense
Kiley_A_DZM0422_Aerobic_A	0.0235		0.5349	0.4416	
Kiley_A_DZM0422_Aerobic_B	0.0224		0.5395	0.4382	
Kiley_A_DZM0422_Aerobic_C	0.0221		0.5401	0.4377	
Kiley_A_DZM0422_Anaerobic_A	0.0209		0.5545	0.4245	
Kiley_A_DZM0422_Anaerobic_B	0.023		0.5522	0.4248	
Kiley_A_DZM0422_Anaerobic_C	0.0244		0.542	0.4337	
Kiley_A_WT_Aerobic_A	0.0255		0.5256	0.4489	
Kiley_A_WT_Aerobic_B	0.0229		0.5249	0.4522	
Kiley_A_WT_Aerobic_C	0.0202		0.5391	0.4407	
Kiley_A_WT_Anaerobic_A	0.0224		0.5385	0.4391	
Kiley_A_WT_Anaerobic_B	0.0197		0.5314	0.449	
Kiley_A_WT_Anaerobic_C	0.0229		0.5568	0.4203	
Kiley_B_Dfur_-O2_A	0.0103		0.7483	0.2414	
Kiley_B_Dfur_-O2_B	0.7207		0.199	0.0803	
Kiley_B_Dfur_-O2_C	0.0911		0.4522	0.4567	
Kiley_B_DrsuR_-O2_A	0.0382		0.3754	0.5864	
Kiley_B_DrsuR_-O2_B	0.0078		0.7355	0.2568	
Kiley_B_DrsuR_-O2_C	0.2845		0.4938	0.2217	
Kiley_B_WT_+O2_Ctrl_A	0.1379		0.5173	0.3448	
Kiley_B_WT_+O2_Ctrl_B	0.0016		0.4529	0.5455	
Kiley_B_WT_+O2_Ctrl_C	0.665		0.274	0.0611	
Kiley_B_WT_+O2_Paraquat_A	0.109		0.5005	0.3905	
Kiley_B_WT_+O2_Paraquat_B	0.0769		0.5365	0.3866	
Kiley_B_WT_+O2_Paraquat_C	0.0193		0.648	0.3327	
Kiley_B_WT_-O2_Ctrl_A	0.008		0.8477	0.1443	
Kiley_B_WT_-O2_Ctrl_B	0.0486		0.5195	0.4319	
Kiley_B_WT_-O2_Ctrl_C	0.0002		0.814	0.1858	
Kiley_B_WT_-O2_NoFe_A	0.3652		0.3594	0.2754	
Kiley_B_WT_-O2_NoFe_B	0.2238		0.6266	0.1496	
Kiley_B_WT_-O2_NoFe_C	0.0695		0.5843	0.3463	
Kiley_B_WT_-O2_NoFe_DIP_A	0.3298		0.2899	0.3803	
Kiley_B_WT_-O2_NoFe_DIP_B	0.0205		0.5492	0.4303	
Kiley_B_WT_-O2_NoFe_DIP_C	0.0164		0.5891	0.3945	
Kiley_B_WT_-O2_Peroxide_A	0.0162		0.6711	0.3126	
Kiley_B_WT_-O2_Peroxide_C	0.0501		0.5195	0.4304	
SRX10341586	0.0286		0.5543	0.4171	
SRX10341587	0.049		0.5101	0.4409	
SRX10341588	0.0341		0.5445	0.4214	
SRX10341589	0.0553		0.4439	0.5009	
SRX10341590	0.024		0.5252	0.4508	
SRX10341591	0.0271		0.5341	0.4388	
SRX10341592	0.0297		0.5569	0.4134	
SRX10341593	0.0319		0.5463	0.4217	
SRX10341594	0.0296		0.5472	0.4232	
SRX10341595	0.0342		0.5548	0.411	
SRX10341596	0.0357		0.5425	0.4218	
SRX10341597	0.0316		0.5465	0.422	
SRX11348531	0.0489		0.5518	0.3993	
SRX11348532	0.0473		0.545	0.4076	
SRX1432806		0.2567		0.7103	0.033
SRX14563846	0.0147		0.5839	0.4014	
SRX14563847	0.0138		0.5713	0.4149	
SRX14563848	0.0162		0.5504	0.4335	
SRX14563849	0.0129		0.582	0.405	
SRX14570260	0.0432		0.574	0.3828	
SRX14570261	0.0435		0.5746	0.3819	
SRX14570262	0.0423		0.5734	0.3844	
SRX14570263	0.0539		0.5776	0.3685	
SRX14570264	0.0498		0.5744	0.3758	
SRX14570265	0.0418		0.548	0.4101	
SRX14570266	0.044		0.5412	0.4148	
SRX14570267	0.0379		0.5892	0.3729	
SRX14570268	0.0423		0.5939	0.3638	
SRX14570269	0.046		0.5602	0.3938	
SRX14570270	0.0436		0.5686	0.3878	
SRX14570271	0.0505		0.5542	0.3953	
SRX14570272	0.0525		0.5719	0.3756	
SRX14570273	0.051		0.5783	0.3707	
SRX14570274	0.0492		0.5739	0.3769	
SRX14570275	0.051		0.5705	0.3785	
SRX14570276	0.0473		0.5853	0.3675	
SRX14570277	0.0506		0.587	0.3623	
SRX14953908	0.0144		0.529	0.4566	
SRX14953909	0.0181		0.5857	0.3961	
SRX14953910	0.0149		0.5614	0.4237	
SRX14953911	0.0146		0.5834	0.402	
SRX14953912	0.0167		0.5083	0.475	
SRX14953913	0.0369		0.4864	0.4767	
SRX14953914	0.0359		0.4289	0.5352	
SRX14953915	0.032		0.4497	0.5182	
SRX14953916	0.0336		0.4679	0.4985	
SRX14953917	0.0184		0.5642	0.4174	
SRX14953918	0.0161		0.597	0.3869	
SRX14953919	0.0149		0.5399	0.4452	
SRX14953920	0.0271		0.4576	0.5153	
SRX14953921	0.0257		0.5152	0.4591	
SRX14953922	0.0356		0.4293	0.5352	
SRX14953923	0.0351		0.5242	0.4407	
SRX14953924	0.0239		0.5749	0.4012	
SRX14953925	0.0296		0.5013	0.4691	
SRX14953926	0.0381		0.5408	0.4211	
SRX14953927	0.0287		0.485	0.4863	
SRX14953928	0.0593		0.425	0.5157	
SRX14953929	0.0496		0.3835	0.5669	
SRX14953930	0.0726		0.4814	0.446	
SRX14953931	0.0611		0.4165	0.5224	
SRX14953932	0.054		0.3946	0.5514	
SRX18804540	0.0263		0.5629	0.4108	
SRX18804541	0.0239		0.5639	0.4121	
SRX18804542	0.0191		0.5808	0.4002	
SRX18804543	0.0477		0.5202	0.4321	
SRX18804544	0.0508		0.5081	0.441	
SRX18804545	0.0586		0.508	0.4334	
SRX18804546	0.0597		0.5156	0.4247	
SRX18804547	0.0209		0.5536	0.4255	
SRX18804548	0.023		0.5364	0.4406	
SRX18804549	0.0185		0.6099	0.3716	
SRX18804550	0.06		0.5426	0.3973	
SRX18804551	0.0264		0.5688	0.4048	
SRX18804552	0.0659		0.5268	0.4073	
SRX18804553	0.0441		0.5464	0.4094	
SRX18804554	0.0462		0.5929	0.3609	
SRX19817112	0.0141		0.6037	0.3823	
SRX19817113	0.0131		0.5924	0.3944	
SRX19817114	0.015		0.5909	0.3941	
SRX19817115	0.0123		0.6101	0.3776	
SRX19817116	0.0132		0.6057	0.3811	
SRX19817117	0.0132		0.6047	0.3821	
SRX2036088		0.0101		0.9121	0.0778
SRX2036089		0.0122		0.9165	0.0713
SRX2036090		0.0082		0.926	0.0658
SRX2036091		0.0087		0.9217	0.0696
SRX2036300	0.0877		0.4587	0.4536	
SRX2036303	0.0902		0.4529	0.457	
SRX2036305	0.0793		0.4661	0.4546	
SRX2036307	0.0896		0.4862	0.4241	
SRX2037533		0.525		0.3995	0.0755
SRX2037535		0.5319		0.3991	0.0691
SRX2037536		0.5157		0.4348	0.0495
SRX2037537		0.5041		0.446	0.0499
SRX2037538		0.4866		0.4345	0.0789
SRX2037540		0.4772		0.4387	0.0842
SRX2037541		0.4643		0.4679	0.0678
SRX2037542		0.4668		0.4675	0.0657
SRX2037691	0.0564		0.4014	0.5423	
SRX2037693	0.0476		0.3193	0.633	
SRX2037695	0.0581		0.3677	0.5742	
SRX2037697	0.0613		0.3733	0.5654	
SRX2037699	0.0658		0.4177	0.5165	
SRX2037713	0.0712		0.3994	0.5294	
SRX2037715	0.0586		0.3995	0.5419	
SRX2037717	0.0535		0.3379	0.6086	
SRX2116174	0.0422		0.2864	0.6714	
SRX2116175	0.0415		0.2666	0.6919	
SRX2116176	0.0239		0.3557	0.6203	
SRX21659709	0.0154		0.4545	0.5301	
SRX21659710	0.0138		0.502	0.4842	
SRX21659711	0.016		0.4712	0.5128	
SRX22720559	0.0168		0.5836	0.3996	
SRX22720560	0.0182		0.573	0.4088	
SRX22720561	0.012		0.5657	0.4222	
SRX22720562	0.0163		0.5566	0.4271	
SRX22720563	0.0164		0.5715	0.412	
SRX22720564	0.0165		0.5821	0.4014	
SRX22720565	0.0152		0.559	0.4258	
SRX22720566	0.0153		0.5588	0.4259	
SRX22720567	0.0117		0.5766	0.4117	
SRX22720568	0.0124		0.5708	0.4168	
SRX22720569	0.0153		0.5786	0.4061	
SRX22720570	0.014		0.5808	0.4051	
SRX22720571	0.0177		0.5682	0.4141	
SRX22720572	0.0159		0.5404	0.4437	
SRX22720574	0.02		0.5577	0.4223	
SRX22720575	0.0204		0.5599	0.4197	
SRX22720576	0.0163		0.5777	0.406	
SRX22720577	0.0171		0.5827	0.4002	
SRX22720578	0.017		0.5842	0.3988	
SRX22720579	0.0179		0.5773	0.4048	
SRX3316529	0.0489		0.5219	0.4292	
SRX3316530	0.017		0.6089	0.374	
SRX3316531	0.0221		0.589	0.3889	
SRX3316532	0.0188		0.616	0.3652	
SRX3316533	0.02		0.5197	0.4603	
SRX3316534	0.0191		0.5462	0.4347	
SRX3316535	0.0186		0.5826	0.3987	
SRX3316536	0.07		0.4468	0.4832	
SRX3316537	0.0419		0.5416	0.4165	
SRX3316538	0.0177		0.5906	0.3916	
SRX3316539	0.0159		0.5936	0.3905	
SRX3316540	0.0196		0.6095	0.3709	
SRX3316541	0.0268		0.5671	0.406	
SRX3316542	0.0215		0.5793	0.3992	
SRX3316543	0.0194		0.6167	0.3639	
SRX3316544	0.0195		0.5863	0.3942	
SRX3316545	0.0194		0.5902	0.3904	
SRX3316546	0.0197		0.605	0.3754	
SRX3316547	0.0177		0.5849	0.3974	
SRX3316548	0.0149		0.5777	0.4074	
SRX3316549	0.0156		0.5907	0.3938	
SRX3316550	0.0144		0.5923	0.3933	
SRX3316551	0.0217		0.4945	0.4837	
SRX3316552	0.0203		0.5572	0.4225	
SRX3316553	0.0181		0.5822	0.3997	
SRX3316554	0.0247		0.5486	0.4267	
SRX3316555	0.024		0.5478	0.4282	
SRX3316556	0.0273		0.5564	0.4163	
SRX3316557	0.0193		0.5947	0.386	
SRX3316558	0.015		0.5869	0.398	
SRX3316559	0.0218		0.5869	0.3914	
SRX3316560	0.0196		0.5549	0.4255	
SRX3316561	0.0253		0.5578	0.417	
SRX3316625	0.016		0.5943	0.3897	
SRX3316626	0.0192		0.6053	0.3756	
SRX3316627	0.0205		0.5835	0.396	
SRX3316628	0.0215		0.5936	0.3849	
SRX3316629	0.019		0.6045	0.3765	
SRX3316630	0.0206		0.6024	0.377	
SRX3316631	0.0185		0.601	0.3805	
SRX3316632	0.0165		0.6069	0.3767	
SRX3316633	0.0186		0.6052	0.3763	
SRX3316634	0.0226		0.5806	0.3968	
SRX3316735	0.0157		0.5429	0.4414	
SRX3316736	0.0169		0.5776	0.4055	
SRX3316737	0.0195		0.573	0.4075	
SRX3316738	0.0212		0.5637	0.4151	
SRX3316739	0.0162		0.5675	0.4163	
SRX3316740	0.0126		0.5161	0.4713	
SRX3316741	0.0184		0.52	0.4616	
SRX3316742	0.0173		0.5718	0.4109	
SRX3316743	0.0188		0.5702	0.411	
SRX3316744	0.0138		0.5022	0.484	
SRX3316745	0.0123		0.4893	0.4983	
SRX3316746	0.0116		0.5034	0.4849	
SRX3316747	0.0154		0.5592	0.4255	
SRX3316748	0.0191		0.565	0.4158	
SRX3316749	0.0142		0.5477	0.4381	
SRX3316750	0.0172		0.5674	0.4153	
SRX3316751	0.0208		0.5835	0.3957	
SRX3316752	0.0195		0.5859	0.3946	
SRX3316753	0.0191		0.5892	0.3917	
SRX3316754	0.0191		0.5828	0.3981	
SRX3316755	0.0187		0.586	0.3953	
SRX3316756	0.0204		0.5824	0.3972	
SRX3316757	0.0197		0.585	0.3953	
SRX3316758	0.0191		0.5788	0.4021	
SRX3411505	0.0219		0.0268	0.9513	
SRX3411506	0.0374		0.0457	0.917	
SRX3411507	0.028		0.0362	0.9359	
SRX3411508	0.0203		0.0255	0.9542	
SRX3411509	0.0223		0.0259	0.9518	
SRX3411510	0.0267		0.0417	0.9316	
SRX3411511	0.0222		0.0257	0.952	
SRX3411512	0.0186		0.0261	0.9552	
SRX3411513	0.029		0.038	0.933	
SRX3411514	0.2397		0.2674	0.4929	
SRX3411515	0.2138		0.2228	0.5634	
SRX3411516	0.2905		0.3712	0.3383	
SRX3411517	0.1339		0.1714	0.6947	
SRX3411518	0.2547		0.2867	0.4585	
SRX3411519	0.222		0.2378	0.5402	
SRX3411520	0.0821		0.1276	0.7903	
SRX3411521	0.2541		0.2588	0.4871	
SRX3411522	0.192		0.2052	0.6029	
SRX3411523	0.1922		0.1776	0.6302	
SRX3411524	0.0385		0.0412	0.9203	
SRX3411525	0.1389		0.1419	0.7192	
SRX3541437	0.0144		0.5289	0.4567	
SRX3541438	0.0181		0.5858	0.3961	
SRX3541439	0.0149		0.5613	0.4238	
SRX3541440	0.0146		0.5835	0.4019	
SRX3541441	0.0166		0.5082	0.4752	
SRX3541442	0.0369		0.4864	0.4767	
SRX3541443	0.0358		0.4288	0.5353	
SRX3541444	0.032		0.4497	0.5183	
SRX3541445	0.0336		0.4677	0.4987	
SRX3541446	0.035		0.5242	0.4408	
SRX3541447	0.0294		0.5014	0.4692	
SRX3541448	0.038		0.5406	0.4214	
SRX3541449	0.0594		0.4252	0.5155	
SRX3541450	0.0497		0.3834	0.5669	
SRX3541451	0.0726		0.4813	0.4461	
SRX3541452	0.0611		0.4165	0.5224	
SRX3541453	0.0539		0.3946	0.5515	
SRX5252024		0.4202		0.4309	0.149
SRX5252025		0.3977		0.4241	0.1782
SRX5252026		0.3648		0.4244	0.2108
SRX5252027		0.4257		0.4346	0.1396
SRX5252028		0.4421		0.4183	0.1396
SRX5252029		0.401		0.429	0.17
SRX5252030		0.3799		0.4304	0.1897
SRX5252031		0.4886		0.4259	0.0855
SRX5252032		0.4252		0.4262	0.1485
SRX5252033		0.4322		0.4412	0.1266
SRX5252034		0.4289		0.4337	0.1374
SRX5252035		0.4572		0.4557	0.0871
SRX5252036		0.3724		0.4251	0.2025
SRX5252037		0.3919		0.4287	0.1794
SRX5252038		0.4362		0.4254	0.1384
SRX5252039		0.3607		0.4284	0.2109
SRX5252040		0.4575		0.4386	0.1039
SRX5252041		0.367		0.4249	0.2081
SRX5252042		0.3902		0.4254	0.1844
SRX5252043		0.3953		0.4286	0.1761
SRX5252044		0.3763		0.4278	0.1959
SRX5252045		0.3977		0.4236	0.1787
SRX5252046		0.3675		0.4217	0.2108
SRX5252047		0.392		0.4306	0.1774
SRX5252048		0.3726		0.4239	0.2035
SRX5252049		0.3717		0.4262	0.2021
SRX5252050		0.3631		0.4222	0.2147
SRX5252051		0.3753		0.4247	0.2
SRX5252052		0.3904		0.4152	0.1943
SRX5252053		0.4368		0.4212	0.142
SRX5252054		0.4135		0.4267	0.1598
SRX5252055		0.4315		0.4154	0.1531
SRX5252056		0.4432		0.4361	0.1207
SRX5252057		0.4374		0.4267	0.1359
SRX5252058		0.5007		0.4207	0.0786
SRX5252059		0.5043		0.4473	0.0485
SRX5252060		0.3768		0.4211	0.202
SRX5252061		0.4453		0.4218	0.1329
SRX5329169	0.032		0.4498	0.5182	
SRX5329170	0.0146		0.5834	0.402	
SRX5329171	0.0184		0.5642	0.4174	
SRX5329172	0.0369		0.4864	0.4767	
SRX5329173	0.0296		0.5012	0.4691	
SRX5329174	0.0161		0.597	0.3869	
SRX5329175	0.0149		0.5613	0.4238	
SRX5329176	0.0271		0.4576	0.5153	
SRX5329177	0.0181		0.5857	0.3962	
SRX5329178	0.0359		0.4289	0.5352	
SRX5329179	0.0167		0.5083	0.475	
SRX5329180	0.0351		0.5242	0.4407	
SRX5329181	0.0726		0.4814	0.446	
SRX5329182	0.0239		0.5749	0.4011	
SRX5329183	0.0644		0.4822	0.4534	
SRX5329184	0.0144		0.529	0.4566	
SRX5329185	0.0611		0.4165	0.5224	
SRX5329186	0.054		0.3946	0.5514	
SRX5329187	0.0381		0.5407	0.4212	
SRX5329188	0.0336		0.4679	0.4985	
SRX5329189	0.0496		0.3836	0.5669	
SRX5329190	0.0593		0.425	0.5157	
SRX5329191	0.0356		0.4293	0.5352	
SRX5329192	0.0287		0.485	0.4863	
SRX5329193	0.0257		0.5152	0.4591	
SRX5329194	0.0149		0.5399	0.4453	
SRX6700162	0.0156		0.5791	0.4053	
SRX6700163	0.0146		0.6369	0.3486	
SRX6700164	0.0163		0.5769	0.4068	
SRX6700165	0.0212		0.607	0.3717	
SRX6700166	0.0255		0.5566	0.4179	
SRX6700168	0.0262		0.5496	0.4241	
SRX6700169	0.0269		0.5294	0.4437	
SRX6700170	0.028		0.532	0.44	
SRX6700171	0.0587		0.5	0.4413	
SRX6700172	0.0625		0.5051	0.4325	
SRX6700173	0.0685		0.4832	0.4483	
SRX6700174	0.0143		0.6054	0.3803	
SRX6700175	0.0176		0.5891	0.3932	
SRX6700176	0.0177		0.5898	0.3925	
SRX6700177	0.0192		0.5742	0.4066	
SRX6700178	0.0185		0.5709	0.4107	
SRX6700179	0.016		0.5263	0.4577	
SRX6700180	0.0201		0.4539	0.526	
SRX6700181	0.023		0.5324	0.4445	
SRX6700182	0.0191		0.4753	0.5056	
SRX6700183	0.0519		0.4666	0.4815	
SRX6700184	0.059		0.4712	0.4698	
SRX6700185	0.0494		0.4699	0.4807	
SRX6922015	0.0207		0.577	0.4023	
SRX6922016	0.0161		0.5788	0.4052	
SRX6922017	0.0201		0.5672	0.4127	
SRX6922018	0.0211		0.562	0.4169	
SRX6922019	0.0334		0.5972	0.3694	
SRX6922020	0.0373		0.5783	0.3845	
SRX6922021	0.0368		0.5789	0.3843	
SRX6922023	0.0167		0.5808	0.4025	
SRX6922024	0.0201		0.5773	0.4026	
SRX6922025	0.0214		0.5714	0.4072	
SRX6922026	0.0208		0.5731	0.4061	
SRX6922027	0.0214		0.5756	0.403	
SRX6922028	0.0209		0.5749	0.4041	
SRX6922029	0.0203		0.5675	0.4122	
SRX7101023	0.0169		0.5706	0.4124	
SRX7101024	0.0182		0.5847	0.3971	
SRX7101025	0.0178		0.5833	0.3989	
SRX7101026	0.0067		0.5557	0.4376	
SRX7101027	0.0074		0.5442	0.4484	
SRX7101028	0.007		0.543	0.45	
SRX7101029	0.0189		0.5769	0.4042	
SRX7101030	0.0151		0.5781	0.4068	
SRX7101031	0.0175		0.5732	0.4094	
SRX7101032	0.0231		0.4986	0.4783	
SRX7101033	0.0175		0.533	0.4495	
SRX7101034	0.017		0.5202	0.4628	
SRX7101035	0.0903		0.4401	0.4696	
SRX7101036		0.5875		0.3934	0.0191
SRX7101037		0.6087		0.3763	0.015
SRX7101038		0.6002		0.383	0.0169
SRX7101039		0.6026		0.3767	0.0207
SRX7101040		0.6127		0.3681	0.0191
SRX7101041		0.5942		0.3886	0.0172
SRX7551986	0.0178		0.5774	0.4047	
SRX7551987	0.0165		0.5886	0.3949	
SRX7551988	0.0214		0.5758	0.4027	
SRX7551989	0.022		0.5723	0.4058	
SRX7551990	0.0205		0.56	0.4194	
SRX7551991	0.0204		0.5749	0.4047	
SRX8694706	0.0198		0.5483	0.4318	
SRX8694707	0.0176		0.5566	0.4258	
SRX8694708	0.0204		0.5562	0.4234	
SRX8694709	0.0197		0.5523	0.4281	
SRX8694710	0.0124		0.587	0.4006	
SRX8694711	0.0123		0.5759	0.4117	
SRX8694712	0.0107		0.5657	0.4235	
SRX8694713	0.0099		0.5767	0.4134	
SRX8694714	0.0117		0.5666	0.4217	
SRX8694715	0.016		0.5631	0.4209	
SRX8694716	0.0135		0.5686	0.4178	
SRX8694717	0.0151		0.574	0.411	
SRX8694718	0.0109		0.5586	0.4305	
SRX8694719	0.0128		0.5533	0.4338	
SRX8694720	0.01		0.5861	0.4038	
SRX8694721	0.0142		0.5847	0.4011	
SRX8694722	0.0116		0.5842	0.4042	
SRX8694723	0.0092		0.5562	0.4346	
SRX8694724	0.0114		0.558	0.4306	
SRX8694725	0.0103		0.5517	0.438	
SRX8694726	0.0079		0.5401	0.452	
SRX8694727	0.0088		0.5405	0.4507	
SRX8694728	0.0086		0.5411	0.4503	
SRX8694729	0.0095		0.5399	0.4507	
